#pragma once
struct AL_MIX_COLOR
{
	unsigned char color1;
	unsigned char color2;
	unsigned char result;
};
AL_MIX_COLOR mixColorTable[] = {
{ 1, 2, 158 },
{ 3, 2, 159 },
{ 4, 2, 160 },
{ 5, 2, 161 },
{ 6, 2, 162 },
{ 7, 2, 164 },
{ 8, 2, 166 },
{ 9, 2, 167 },
{ 10, 2, 168 },
{ 11, 2, 170 },
{ 12, 2, 57 },
{ 13, 2, 172 },
{ 1, 13, 32 },
{ 2, 13, 172 },
{ 3, 13, 33 },
{ 4, 13, 34 },
{ 5, 13, 35 },
{ 6, 13, 36 },
{ 7, 13, 37 },
{ 8, 13, 38 },
{ 9, 13, 39 },
{ 10, 13, 40 },
{ 11, 13, 41 },
{ 12, 13, 42 },
{ 2, 7, 43 },
{ 1, 7, 44 },
{ 3, 7, 45 },
{ 4, 7, 46 },
{ 5, 7, 47 },
{ 6, 7, 48 },
{ 8, 7, 49 },
{ 9, 7, 50 },
{ 10, 7, 51 },
{ 11, 7, 52 },
{ 12, 7, 53 },
{ 13, 7, 54 },
{ 2, 1, 158 },
{ 3, 1, 55 },
{ 4, 1, 56 },
{ 5, 1, 57 },
{ 6, 1, 58 },
{ 7, 1, 44 },
{ 8, 1, 59 },
{ 9, 1, 60 },
{ 10, 1, 61 },
{ 11, 1, 62 },
{ 12, 1, 63 },
{ 13, 1, 32 },
{ 1, 3, 55 },
{ 2, 3, 159 },
{ 4, 3, 64 },
{ 5, 3, 65 },
{ 6, 3, 66 },
{ 7, 3, 45 },
{ 8, 3, 67 },
{ 9, 3, 68 },
{ 10, 3, 69 },
{ 11, 3, 70 },
{ 12, 3, 71 },
{ 13, 3, 33 },
{ 1, 4, 56 },
{ 2, 4, 160 },
{ 3, 4, 64 },
{ 5, 4, 72 },
{ 6, 4, 73 },
{ 7, 4, 46 },
{ 8, 4, 74 },
{ 9, 4, 75 },
{ 10, 4, 76 },
{ 11, 4, 77 },
{ 12, 4, 78 },
{ 13, 4, 34 },
{ 1, 5, 57 },
{ 2, 5, 161 },
{ 3, 5, 65 },
{ 4, 5, 72 },
{ 6, 5, 79 },
{ 7, 5, 47 },
{ 8, 5, 80 },
{ 9, 5, 81 },
{ 10, 5, 83 },
{ 11, 5, 84 },
{ 12, 5, 85 },
{ 13, 5, 35 },
{ 1, 6, 58 },
{ 2, 6, 162 },
{ 3, 6, 66 },
{ 4, 6, 73 },
{ 5, 6, 79 },
{ 7, 6, 48 },
{ 8, 6, 86 },
{ 9, 6, 87 },
{ 10, 6, 88 },
{ 11, 6, 89 },
{ 12, 6, 90 },
{ 13, 6, 36 },
{ 1, 8, 59 },
{ 2, 8, 166 },
{ 3, 8, 67 },
{ 4, 8, 74 },
{ 5, 8, 80 },
{ 6, 8, 86 },
{ 7, 8, 49 },
{ 9, 8, 91 },
{ 10, 8, 92 },
{ 11, 8, 93 },
{ 12, 8, 94 },
{ 13, 8, 38 },
{ 1, 9, 60 },
{ 2, 9, 167 },
{ 3, 9, 68 },
{ 4, 9, 75 },
{ 5, 9, 81 },
{ 6, 9, 87 },
{ 7, 9, 50 },
{ 8, 9, 91 },
{ 10, 9, 95 },
{ 11, 9, 96 },
{ 12, 9, 97 },
{ 13, 9, 39 },
{ 1, 10, 61 },
{ 2, 10, 168 },
{ 3, 10, 69 },
{ 4, 10, 76 },
{ 5, 10, 83 },
{ 6, 10, 88 },
{ 7, 10, 51 },
{ 8, 10, 92 },
{ 9, 10, 95 },
{ 11, 10, 98 },
{ 12, 10, 99 },
{ 13, 10, 40 },
{ 1, 11, 62 },
{ 2, 11, 170 },
{ 3, 11, 70 },
{ 4, 11, 77 },
{ 5, 11, 84 },
{ 6, 11, 89 },
{ 7, 11, 52 },
{ 8, 11, 93 },
{ 9, 11, 96 },
{ 10, 11, 98 },
{ 12, 11, 100 },
{ 13, 11, 41 },
{ 1, 12, 63 },
{ 2, 12, 57 },
{ 3, 12, 71 },
{ 4, 12, 78 },
{ 5, 12, 85 },
{ 6, 12, 90 },
{ 7, 12, 53 },
{ 8, 12, 94 },
{ 9, 12, 97 },
{ 10, 12, 99 },
{ 11, 12, 100 },
{ 13, 12, 42 },
{ 1, 21, 101 },
{ 21, 1, 101 },
{ 2, 21, 102 },
{ 21, 2, 102 },
{ 3, 21, 103 },
{ 21, 3, 103 },
{ 4, 21, 104 },
{ 21, 4, 104 },
{ 5, 21, 105 },
{ 21, 5, 105 },
{ 6, 21, 106 },
{ 21, 6, 106 },
{ 7, 21, 107 },
{ 21, 7, 107 },
{ 8, 21, 108 },
{ 21, 8, 108 },
{ 9, 21, 109 },
{ 21, 9, 109 },
{ 10, 21, 110 },
{ 21, 10, 110 },
{ 11, 21, 111 },
{ 21, 11, 111 },
{ 12, 21, 112 },
{ 21, 12, 112 },
{ 13, 21, 113 },
{ 21, 13, 113 },
{ 1, 82, 114 },
{ 82, 1, 114 },
{ 2, 82, 115 },
{ 82, 2, 115 },
{ 3, 82, 116 },
{ 82, 3, 116 },
{ 4, 82, 117 },
{ 82, 4, 117 },
{ 5, 82, 118 },
{ 82, 5, 118 },
{ 6, 82, 119 },
{ 82, 6, 119 },
{ 7, 82, 121 },
{ 82, 7, 121 },
{ 8, 82, 122 },
{ 82, 8, 122 },
{ 9, 82, 124 },
{ 82, 9, 124 },
{ 10, 82, 125 },
{ 82, 10, 125 },
{ 11, 82, 126 },
{ 82, 11, 126 },
{ 12, 82, 129 },
{ 82, 12, 129 },
{ 13, 82, 130 },
{ 82, 13, 130 },
{ 21, 82, 132 },
{ 82, 21, 132 },
};
